import numpy as np
import matplotlib.pyplot as plt
import matplotlib.animation as animation
from IPython.display import HTML

# ----------------------------------------
# Wavefront Routing Simulation Data
# The outputs were copied form terminal and animated using colab
# ----------------------------------------

frames = [

[
[1,0,0,0,0,0,0,0],
[0,0,0,0,0,0,0,0],
[0,0,0,0,0,0,0,0],
[0,0,0,0,0,0,0,0],
[0,0,0,0,0,0,0,0],
[0,0,0,0,0,0,0,0],
[0,0,0,0,0,0,0,0],
[0,0,0,0,0,0,0,0]
],

[
[1,2,0,0,0,0,0,0],
[2,0,0,0,0,0,0,0],
[0,0,0,0,0,0,0,0],
[0,0,0,0,0,0,0,0],
[0,0,0,0,0,0,0,0],
[0,0,0,0,0,0,0,0],
[0,0,0,0,0,0,0,0],
[0,0,0,0,0,0,0,0]
],

[
[1,2,3,0,0,0,0,0],
[2,3,0,0,0,0,0,0],
[3,0,0,0,0,0,0,0],
[0,0,0,0,0,0,0,0],
[0,0,0,0,0,0,0,0],
[0,0,0,0,0,0,0,0],
[0,0,0,0,0,0,0,0],
[0,0,0,0,0,0,0,0]
],

[
[1,2,3,4,0,0,0,0],
[2,3,4,0,0,0,0,0],
[3,4,0,0,0,0,0,0],
[4,0,0,0,0,0,0,0],
[0,0,0,0,0,0,0,0],
[0,0,0,0,0,0,0,0],
[0,0,0,0,0,0,0,0],
[0,0,0,0,0,0,0,0]
],

[
[1,2,3,4,5,0,0,0],
[2,3,4,5,0,0,0,0],
[3,4,5,0,0,0,0,0],
[4,5,0,0,0,0,0,0],
[5,0,0,0,0,0,0,0],
[0,0,0,0,0,0,0,0],
[0,0,0,0,0,0,0,0],
[0,0,0,0,0,0,0,0]
],

[
[1,2,3,4,5,6,0,0],
[2,3,4,5,6,0,0,0],
[3,4,5,6,0,0,0,0],
[4,5,6,0,0,0,0,0],
[5,6,0,0,0,0,0,0],
[6,0,0,0,0,0,0,0],
[0,0,0,0,0,0,0,0],
[0,0,0,0,0,0,0,0]
],

[
[1,2,3,4,5,6,7,0],
[2,3,4,5,6,7,0,0],
[3,4,5,6,7,0,0,0],
[4,5,6,7,0,0,0,0],
[5,6,7,0,0,0,0,0],
[6,7,0,0,0,0,0,0],
[7,0,0,0,0,0,0,0],
[0,0,0,0,0,0,0,0]
],

[
[1,2,3,4,5,6,7,8],
[2,3,4,5,6,7,8,0],
[3,4,5,6,7,8,0,0],
[4,5,6,7,8,0,0,0],
[5,6,7,8,0,0,0,0],
[6,7,8,0,0,0,0,0],
[7,8,0,0,0,0,0,0],
[8,0,0,0,0,0,0,0]
],

[
[1,2,3,4,5,6,7,8],
[2,3,4,5,6,7,8,9],
[3,4,5,6,7,8,9,0],
[4,5,6,7,8,9,0,0],
[5,6,7,8,9,0,0,0],
[6,7,8,9,0,0,0,0],
[7,8,9,0,0,0,0,0],
[8,9,0,0,0,0,0,0]
],

[
[1,2,3,4,5,6,7,8],
[2,3,4,5,6,7,8,9],
[3,4,5,6,7,8,9,10],
[4,5,6,7,8,9,10,0],
[5,6,7,8,9,10,0,0],
[6,7,8,9,10,0,0,0],
[7,8,9,10,0,0,0,0],
[8,9,10,0,0,0,0,0]
],

[
[1,2,3,4,5,6,7,8],
[2,3,4,5,6,7,8,9],
[3,4,5,6,7,8,9,10],
[4,5,6,7,8,9,10,11],
[5,6,7,8,9,10,11,0],
[6,7,8,9,10,11,0,0],
[7,8,9,10,11,0,0,0],
[8,9,10,11,0,0,0,0]
],

[
[1,2,3,4,5,6,7,8],
[2,3,4,5,6,7,8,9],
[3,4,5,6,7,8,9,10],
[4,5,6,7,8,9,10,11],
[5,6,7,8,9,10,11,12],
[6,7,8,9,10,11,12,0],
[7,8,9,10,11,12,0,0],
[8,9,10,11,12,0,0,0]
],

[
[1,2,3,4,5,6,7,8],
[2,3,4,5,6,7,8,9],
[3,4,5,6,7,8,9,10],
[4,5,6,7,8,9,10,11],
[5,6,7,8,9,10,11,12],
[6,7,8,9,10,11,12,13],
[7,8,9,10,11,12,13,0],
[8,9,10,11,12,13,0,0]
],

[
[1,2,3,4,5,6,7,8],
[2,3,4,5,6,7,8,9],
[3,4,5,6,7,8,9,10],
[4,5,6,7,8,9,10,11],
[5,6,7,8,9,10,11,12],
[6,7,8,9,10,11,12,13],
[7,8,9,10,11,12,13,14],
[8,9,10,11,12,13,14,0]
],

[
[1,2,3,4,5,6,7,8],
[2,3,4,5,6,7,8,9],
[3,4,5,6,7,8,9,10],
[4,5,6,7,8,9,10,11],
[5,6,7,8,9,10,11,12],
[6,7,8,9,10,11,12,13],
[7,8,9,10,11,12,13,14],
[8,9,10,11,12,13,14,15]
]

]

# ----------------------------------------
# Create Animation
# ----------------------------------------

fig, ax = plt.subplots(figsize=(6,6))

im = ax.imshow(frames[0], animated=True)

def update(frame):

    ax.clear()

    ax.imshow(frames[frame])

    ax.set_title(f"Wavefront Routing - Cycle {frame}")

    for i in range(8):
        for j in range(8):

            ax.text(
                j,
                i,
                str(frames[frame][i][j]),
                ha='center',
                va='center',
                color='white'
            )

ani = animation.FuncAnimation(
    fig,
    update,
    frames=len(frames),
    interval=700,
    repeat=True
)

HTML(ani.to_jshtml())






#FOR THE OBSTACLE ROUTING ONE

import numpy as np
import matplotlib.pyplot as plt
import matplotlib.animation as animation
from IPython.display import HTML

# =====================================================
# Obstacle Routing Frames
# =====================================================

frames = [

[
[1,0,0,0,0,0,0,0],
[0,0,0,0,0,0,0,0],
[0,0,0,0,0,0,0,0],
[0,0,0,0,0,0,0,0],
[0,0,0,0,0,0,0,0],
[0,0,0,0,0,0,0,0],
[0,0,0,0,0,0,0,0],
[0,0,0,0,0,0,0,0]
],

[
[1,2,0,0,0,0,0,0],
[2,0,0,0,0,0,0,0],
[0,0,0,0,0,0,0,0],
[0,0,0,0,0,0,0,0],
[0,0,0,0,0,0,0,0],
[0,0,0,0,0,0,0,0],
[0,0,0,0,0,0,0,0],
[0,0,0,0,0,0,0,0]
],

[
[1,2,3,0,0,0,0,0],
[2,3,0,0,0,0,0,0],
[3,0,0,0,0,0,0,0],
[0,0,0,0,0,0,0,0],
[0,0,0,0,0,0,0,0],
[0,0,0,0,0,0,0,0],
[0,0,0,0,0,0,0,0],
[0,0,0,0,0,0,0,0]
],

[
[1,2,3,4,0,0,0,0],
[2,3,4,0,0,0,0,0],
[3,4,0,0,0,0,0,0],
[4,0,0,0,0,0,0,0],
[0,0,0,0,0,0,0,0],
[0,0,0,0,0,0,0,0],
[0,0,0,0,0,0,0,0],
[0,0,0,0,0,0,0,0]
],

[
[1,2,3,4,5,0,0,0],
[2,3,4,5,0,0,0,0],
[3,4,5,0,0,0,0,0],
[4,0,0,0,0,0,0,0],
[5,0,0,0,0,0,0,0],
[0,0,0,0,0,0,0,0],
[0,0,0,0,0,0,0,0],
[0,0,0,0,0,0,0,0]
],

[
[1,2,3,4,5,6,0,0],
[2,3,4,5,6,0,0,0],
[3,4,5,6,0,0,0,0],
[4,0,0,0,0,0,0,0],
[5,6,0,0,0,0,0,0],
[6,0,0,0,0,0,0,0],
[0,0,0,0,0,0,0,0],
[0,0,0,0,0,0,0,0]
],

[
[1,2,3,4,5,6,7,0],
[2,3,4,5,6,7,0,0],
[3,4,5,6,7,0,0,0],
[4,0,0,0,0,0,0,0],
[5,6,7,0,0,0,0,0],
[6,7,0,0,0,0,0,0],
[7,0,0,0,0,0,0,0],
[0,0,0,0,0,0,0,0]
],

[
[1,2,3,4,5,6,7,8],
[2,3,4,5,6,7,8,0],
[3,4,5,6,7,8,0,0],
[4,0,0,0,0,0,0,0],
[5,6,7,8,0,0,0,0],
[6,7,8,0,0,0,0,0],
[7,8,0,0,0,0,0,0],
[8,0,0,0,0,0,0,0]
],

[
[1,2,3,4,5,6,7,8],
[2,3,4,5,6,7,8,9],
[3,4,5,6,7,8,9,0],
[4,0,0,0,0,0,0,0],
[5,6,7,8,9,0,0,0],
[6,7,8,9,0,0,0,0],
[7,8,9,0,0,0,0,0],
[8,9,0,0,0,0,0,0]
],

[
[1,2,3,4,5,6,7,8],
[2,3,4,5,6,7,8,9],
[3,4,5,6,7,8,9,10],
[4,0,0,0,0,0,0,0],
[5,6,7,8,9,10,0,0],
[6,7,8,9,10,0,0,0],
[7,8,9,10,0,0,0,0],
[8,9,10,0,0,0,0,0]
],

[
[1,2,3,4,5,6,7,8],
[2,3,4,5,6,7,8,9],
[3,4,5,6,7,8,9,10],
[4,0,0,0,0,0,0,11],
[5,6,7,8,9,10,11,0],
[6,7,8,9,10,11,0,0],
[7,8,9,10,11,0,0,0],
[8,9,10,11,0,0,0,0]
],

[
[1,2,3,4,5,6,7,8],
[2,3,4,5,6,7,8,9],
[3,4,5,6,7,8,9,10],
[4,0,0,0,0,0,0,11],
[5,6,7,8,9,10,11,12],
[6,7,8,9,10,11,12,0],
[7,8,9,10,11,12,0,0],
[8,9,10,11,12,0,0,0]
],

[
[1,2,3,4,5,6,7,8],
[2,3,4,5,6,7,8,9],
[3,4,5,6,7,8,9,10],
[4,0,0,0,0,0,0,11],
[5,6,7,8,9,10,11,12],
[6,7,8,9,10,11,12,13],
[7,8,9,10,11,12,13,0],
[8,9,10,11,12,13,0,0]
],

[
[1,2,3,4,5,6,7,8],
[2,3,4,5,6,7,8,9],
[3,4,5,6,7,8,9,10],
[4,0,0,0,0,0,0,11],
[5,6,7,8,9,10,11,12],
[6,7,8,9,10,11,12,13],
[7,8,9,10,11,12,13,14],
[8,9,10,11,12,13,14,0]
],

[
[1,2,3,4,5,6,7,8],
[2,3,4,5,6,7,8,9],
[3,4,5,6,7,8,9,10],
[4,0,0,0,0,0,0,11],
[5,6,7,8,9,10,11,12],
[6,7,8,9,10,11,12,13],
[7,8,9,10,11,12,13,14],
[8,9,10,11,12,13,14,15]
]

]

# =====================================================
# Plotting
# =====================================================

fig, ax = plt.subplots(figsize=(7,7))

def update(frame):

    ax.clear()

    data = np.array(frames[frame])

    # Obstacles shown darker
    masked = np.ma.masked_where(data == 0, data)

    im = ax.imshow(masked, interpolation='nearest')

    ax.set_title(f"Obstacle Routing - Cycle {frame}", fontsize=16)

    for i in range(8):
        for j in range(8):

            # Draw obstacle wall
            if i == 3 and 1 <= j <= 6:
                ax.text(j, i, "X",
                        ha='center',
                        va='center',
                        color='white',
                        fontsize=14,
                        fontweight='bold')

            else:
                ax.text(j, i, str(data[i][j]),
                        ha='center',
                        va='center',
                        color='white')

ani = animation.FuncAnimation(
    fig,
    update,
    frames=len(frames),
    interval=700,
    repeat=True
)

HTML(ani.to_jshtml())



